# Created by Octave 4.0.0, Mon Jun 05 14:13:16 2017 EDT <x1@x1-ThinkPad-X1-Carbon-3rd>
# name: v
# type: matrix
# rows: 5
# columns: 1
 0.6890238691766051
 0.7427432786117332
 0.3698079098874855
 0.5410415746583009
 0.06588196768489356


